160
146
150
140
138
138
97
97
140
138
137
135
142
164
135
89
139
140
136
139
134
134
136
139
140
140
142
136
139
143
138
135
139
139
148
139
139
148
139
136
138
139
135
135
111
136
119
121
149
109
92
95
89
76
142
138
140
140
140
148
136
136
137
85
87
121
149
136
138
136
139
82
107
124
136
139
140
138
139
133
83
80
49
167
133
125
165
164
160
157
149
144
144
141
137
88
144
139
137
122
136
139
137
141
137
128
72
143
141
142
114
141
137
146
124
143
137
199
141
150
149
117
147
169
149
169
148
147
149
177
163
148
160
149
161
147
161
147
147
161
161
161
126
156
145
130
122
92
141
234
135
132
147
125
140
150
140
131
139
145
138
138
140
140
133
145
138
138
133
138
121
127
144
138
231
137
143
141
120
139
140
140
139
75
68
79
76
76
83
42
41
120
115
93
83
123
139
138
140
146
136
138
141
136
141
146
140
139
163
139
136
86
109
139
142
123
105
79
76
73
73
77
78
71
75
75
74
106
101
98
105
98
102
99
104
132
97
98
101
101
98
98
92
96
93
74
77
77
67
76
75
77
76
79
78
76
78
74
74
76
74
76
141
138
122
84
86
92
34
34
98
101
88
92
89
98
141
114
121
120
141
141
136
137
136
139
137
88
137
139
136
140
144
147
137
137
152
137
137
137
137
133
132
102
100
140
134
137
135
138
139
136
138
139
138
137
143
140
140
136
141
138
87
134
140
139
136
140
103
139
136
139
138
137
139
136
141
114
118
152
137
132
139
104
131
133
139
136
137
140
139
87
137
139
139
154
140
164
167
168
167
164
167
167
163
167
167
161
139
126
140
137
105
139
138
139
140
137
139
139
139
116
137
162
166
163
163
161
164
162
163
166
164
154
162
164
166
163
163
164
168
167
129
141
138
136
134
133
123
125
138
140
140
136
137
139
68
140
86
131
135
107
135
139
138
139
121
137
139
99
99
112
141
133
89
92
103
102
93
72
99
87
85
89
111
105
137
140
140
137
112
140
139
136
137
140
138
140
136
136
139
137
141
137
136
140
135
101
57
137
140
139
165
127
175
161
142
138
132
161
169
158
162
166
163
163
159
164
165
143
89
152
199
164
164
186
164
165
166
166
165
164
164
165
161
164
166
164
164
91
139
62
166
186
164
164
165
146
127
164
166
132
121
163
162
165
172
166
165
172
165
166
163
165
108
129
136
171
165
163
163
169
173
164
165
165
156
153
144
141
139
136
137
144
136
144
139
137
139
146
140
143
141
137
139
136
137
144
140
139
139
142
134
140
132
136
140
138
140
139
140
139
140
148
127
128
139
111
138
115
140
139
123
124
106
95
98
111
106
120
137
138
140
135
107
124
134
138
140
94
139
137
140
141
88
61
96
82
82
87
89
87
131
133
89
140
127
136
128
127
140
140
141
140
139
139
131
135
127
138
143
126
117
157
91
55
62
63
46
47
49
50
55
46
43
38
27
25
36
27
34
107
126
123
175
154
137
136
138
137
140
142
141
150
133
155
137
144
117
100
153
145
144
143
152
150
137
104
55
137
140
143
135
133
136
105
153
155
166
158
142
169
165
166
166
162
167
157
82
156
110
139
143
122
113
85
74
78
119
130
106
137
136
143
137
139
119
140
150
139
141
140
135
139
139
139
157
141
138
129
135
139
139
135
141
149
131
138
139
81
89
139
140
110
138
134
138
144
136
138
139
103
99
134
102
140
139
139
202
126
137
137
139
139
138
125
138
140
123
138
62
142
147
118
99
139
85
72
93
56
161
142
142
137
140
136
139
138
102
150
143
121
142
137
138
138
136
145
155
141
135
140
127
146
137
141
138
138
121
122
137
134
142
141
137
142
143
138
166
140
137
137
139
142
136
139
141
140
139
139
147
138
141
149
142
138
141
142
136
143
140
141
142
141
119
142
141
91
144
142
141
141
141
141
138
139
142
137
150
140
138
141
139
143
120
136
140
136
139
119
137
136
135
165
166
144
170
176
168
151
163
163
163
148
152
164
177
162
165
183
162
168
164
167
170
165
160
109
124
138
143
137
152
173
166
166
166
165
139
162
163
146
151
123
137
138
108
125
140
155
136
136
139
136
131
139
139
139
136
140
137
137
167
166
165
165
165
167
168
165
165
165
168
168
166
163
166
128
168
164
166
165
167
167
168
166
166
163
168
169
145
163
147
91
110
139
136
141
137
137
141
137
136
140
166
163
168
161
166
164
166
153
145
139
143
139
140
111
73
104
